115 “ 1111111

051511551111555 708 14, 715 17. ‘Miror 15111711 709 11.
175115 11115551 13 15. Hellesponto· 51 5, 78 9, 117 9,
9555511155 35418. 181 17,
910515115555 555. 99 1, 144 11, Heracleotae 78, 73.
150 1, 170 74, 181 18. 8511515511551511111 orooro 1311.

91555555 cyricus 7 14. ’ Herculio 5515111555 194 18.
5. 01555515178518, 313 17, 396 Hormou 397 17.
77, 40570, 47518, 476 11, 11515155 155383 1.
477 10, 43770, 439 15, 447 8111155111551811.
10, 444 1 oi 6 5117, 457 7, Hierosolymo 81 15, 754 77.
453 15. 111555511155101 15.
9511551708 14. 115515151 17 7, 51 1551 19, 718
8555155115 71. 18, 357 7, 411 71.
81115177 17. Hyrcanos 8115551511555155 91
Endymion 44 71, 133 6, 477 17. 71, 99 8, 116 73, 144 73, 151
1115151111, 51 1. 3, 111 1, 111 15, 11515155
85551115 396 8. 7, 703 70, 777 70, 731 1,151
8555515743 71. 9, 504 3, 558 10. .
8515511 imperatrix 738 7. S. 1155555 178 11.
8555151551 309 5. 1515151 555. 17 1.
855551557743, 375 7341451 13. 15511515 15115 84 71.
8511555 184 15. iconomachi 381 15, 395 16, oio
851555 703 7 51 11. 15, 460111114, 468 73,491 5.
85555115 5551. 464 10, 456 9, 1111555151 19. ”
484 6. 1551155 440 73.
’ 8551551 5551554510, 8719, 558 155551115177. .
14. 15511151 Antiochino 5511151555 77
1151 5515551551 137 5. 19.
(111151 19318. 1115111557 14.
15 11115151515555 5551151551 41 71, Imbros 155. 776 13, 737 14, 7475.
753, 78 5, 87 1, 537 15, 557 lodi 19 3, 354 8.
73. 1111111155 15 11, 97 71 1555555 55155511515 4315.
6111151151 1115154711. 1555515 5111151555 Op. 74 7, 541 ,
(155115 434, 197 7-1, 194 5. 17. i
(ionooom 41 13, 78 1, 145 11, 15155515151151555 118 70.
151 5, 190 14. 15155551155555511151 749 5. 1
Georgius 55511551 77 77, 37 18. 1515155 743 70, 375 5. i
(111115555515 555 5. 1551551 15515 77 16.
1115551155 11511511115 5511151511 1555511448 1. ’
7719. 5115118714. 11555 0151555555155511085, 144
Gregorius 8555555515 785 4, 789 10, 157 1, 188 4.
14, 79013, 7977, 797 15, 301 115115 711555155155151557 70.
70, 317 7, 377 1, 341 13, 359 11155 1555151155 1111555 541 70.
17, 37717, 493 70. 15115151 5111111555 63 5.
Gregorio· 1115515555 177 7, 787 1555511115 15 7, 777 185
’ 1, 7907, 797 13, 304 6, 313 inmanior 135 3.
17, 31613, 318 70, 367 8, 403 1511151 7415, 81 14, 103 70, 140
o, 111 1 5111, 115 15, 111 15.
70, 448 3, 45477, 474 11. ludu 1555111515 187 13.
115155 1. 716 10. 15115555 15551515 63 6, 330 17.
11551151 161 8. ixion 1503.
1151511151 15. ’ [5551151155 39 17.
. 1151551 15. 1515551551 uxor 14877, 1111555555 181 16.
150 Β, 75770, 76419, 506 17. 1515111155 flu 78 81

 

