nominum propriorum tomi tertii.

..ι-,μ

hodon 564 21.

, 11313111.

' Abrohom 125 20.
3311111131 100 16, 557 6.

· Achilleo 51 21.

Acindynus 139 3.

Adriaticum 11113 7716.

33113111 1111340 13, 84 23.

Aegeus 40 8.

Aegyptii 283 20.

33131 opp. 1829, 237 17, 2493.

Aeolio 560 2.

Aesculapius 10116.

Aetopl 31113111 194 21, 548 15.

Aetoli 10016, 557 6.

33111113311101111111111 1. 6 1.

3310311311 266 8, 342 5.

31111 532 7.

3111111 532 19.

3181111 557 14.

3131111131 11133113 16 22, 19 23,
83 3, 180 14.

Alexander llynnt 149 2, Ι557 17.

3131111811133ῃρ1ο 1310, 1422.

Alexandri· in Cilicio 16 22. “

Alpe· 193 11.

Androne 0111244 13.

. Andronici dno 11111553 2.

Andronico· imp. 23814, 557 16.
31311111 index 152 8.

1111ῃῶ131 71111111ςί notor 149 4,

Antiocheam 240 9. Δ
Antiochia 15 12.
Antiochus Seleuci 1. 15 12
Apollinaris 263 11.
Anglqte‘n5 16 5, 19 4. Aemili
Archilochon 382 21.
31311 1111111504 14.
3111113 1111111111 1. 40 14.
Anioni 398 19.
311111131 153 3. ¹
criminos eoo 18. l
311111 185 6, 187 6, 3252, 455 20.
Artemisium prom. 43 6. l
3111 118 t, 181 2222413.
3111331111 1111111558 3.
3111111111 monasterinm 188 21,
195 6.
8. 31111111ιί111 12516, 275 7, 281
11, 2905, 29123, 296 12, 303
9, 113 22, 332 11, 339 9, 350
16, 366 17. ”
Athenon 47 11.
3111111111 18213, 18317, 258
13, 397 14, 538 3.
3111111331 11111113 68 16.
311311 166 15.
Attiou 10 1, 131 13.
3111143 10.
Babylon Aegyptiace 13 15.
81113131 8311111111631 15 19, 281

 

