ow

11111111 111111 11 11.
1110111111 111 10.

1110111111 01 9.

Pytho 090 19.

8011011111 10015.

1101811111. 11 11,110111 19.
1111111111111111111 logum· 0181.
111111 110 11.

1111111111 10, 199 11, 011 18.
810111111 100 1¹.

81111111 111. 11 18. ⁴
8111111015 11, 109 11.
8111101111110 11.
8111111880,

81111111 111. 190 7.

8111111111 0. 01 18, 117 17.

81111111 1811111111 11 1111111111.

0111111111 189 1.

8111011 18 18, 90 11. 11011111·
11111013 1001717. 11μᾶ-
1711 5018. 0111811111199 19.

’ 1001110110 1111111115 10.

8111110111 11911, 17011, 510

811111 101 0.

811011118 10, 109 9, 00013.

811111 80 11.

811111 11011.

8111111111. 117 17.

811111 0111111. 017 8;

81111 1111101010.

8111111 10010.

8111111107 7, 19813.

8111111 008 8,

8. 81111111 118 19,101 11, 130 8,
1171010111, 010 17, 008 19.

Sophocleo 000 7.

Sozopolis 8011,

8111 1510.

Symeon 1101111111080 1.

8111111111101111 111 11.

8111111 ’1111111101 001 10.

mnu 1118101110Πὸ.

syrino 11.

mxi. 11 1, 90 11, 191 17, 101
711111 19 10.

7111111111 081 0.

7111111111 porto· 01 0, 11011
11111111 1111. 789, 85 11, 10011,

111 11, 117 0, 1111111078
000 11, 007 17, 001 0
111111 1111111111 1. ³
’101011 111111 078 8, 3817, 001
0, 007 17,111 1.
’1111011 Aegyptiam 110.
1111011 1111111111 17 11, 18010 ³
70111111111111 19.
10111111101111111 009 18, 3811,
1118810311, 1010.
'theognostus 8111111 opimo·
8. 7011111111087 1.
Theotimus 100 11, 011 10.
70111111 88 0.
7111111111 001 11.
’10111111 10 8.
7011111111 800 ιο.
1011111111110, 10 0, 717,
117 17, 108 11, 181 7, 1100
1081001101.

1 71111111 111 11.

1011111 70 19. 1007, 11370
0101. 110117111111115018.

Thule 111. 017 11.

71101111 100 1, 179 0, 010 10

’1111101 11.

Tyrrhenicum 11111 190 0.

71111110 11.

011111 118 17.

1,1111111.111,1111.11
10,171 10, 180 0.

1111111111 10, 80 5, 1150

1111011111 1101 11111111 01117.

*qt-.-.n - -ι

 

