’ 5555155551.

5.,57,,,9111315555555515551519 511. 5555555 910. u -

103. 1555555555151 983. ‘mov 999. 51ρ55 8019. 5119
533. ἀρχομένην 505. 575555 51 90. 5555555, 735. 555-
ν55ερον 87 11. 551 91. 5555551515. 8919 5190. 15115
51155155 5551 1555555555ν,555551155555 5551 55151555ν 90 10 Στυ-
551ν 91. 15151515νο5 9091. 5515 χον 113 109515 191
95555551 13010. adme 13311. 155555 1013,158151
101599οἉμοῦ 1019. 5555551551 qm 17. 55 1505. 5555-
55551 μερον 171101555555 191555555515 179515115
5115555 5551555555 179 95. 15515515 51 Γρηγορ ue. 555 55555151
5515555555555 17955119, 1819,13,18,93. 7515511- 180
9 55515555 18510.5ρ555ν 93. 1515515 199 10. 5155155
197 19. 151 qve« 1985ρ“ 5 9079. §adr 19. 5551555 919
11. 511551 ρ155ν 99118. m* 993105110.51ν.9950 555555·
1. 15ι ,1555595111 5111. 55113 ι335114111515 2301115. 111111511115
97. [Ἐ551 50.97 15155 19. 15 5593. 5511555515 5019.
mlx 5811111555515 958. 511515 001 101555555551·
555 - χρῆζονσι 000 15.551555ν 00010. 5555555515515 011
8. 0 μ1νρ 013 10. [115551 01810.1’νν5555 019 915555
19. 511ηεῦ555 18. 515ν 09915155555551555 090 11555-
55ν, 05099. 555ρ5 00055555· 10 5555 555119 00019.
55155 0003. 55551“ 007 15. 1515555 05011555 051
17. 5155555 005910591915555 0750 15 085 93. ,
5195555 0885. 55ν5 18. 5511155 0905. 5051 10. 51ν
510195155511555ρᾴ 593 9911551 509 91. 55551 005
1517 550 99 51555515 559 1315115 1115 55 5511555051515105·

,ῆι-ιι...-

 

