mnu 1111011111.111’

Babylonis 17 1. · 611111111111111 56111.
8111111111 11111111 161 11. 11.01η11111111111311,11510,
1111611111 Scorpius 160 7, 51011. 1187, 185 13, 1080, 3075,
81111111 0111111· 3117, 1303, 3173, 3700, 110 13,116 11,
135131671117118. 111 1511318, 130 6, 136 1,
8. basilius 111 11, 1833, 185 11118, 1138, 115151111,
10, 180 6, 300 5, 361 10,.’106 116111110,11011,15111,
15, 3006, 31611, 31011, 310 175 3, 187 10, 188 11, 1801
10,3115,36111,30810,111 1111, 100111015, 10610,
1,1830,1857. 10711, 5176, 5315.

ἡ 8111111111 16. · χρυσοῖ· sl ρμαια 516.
8111111118811. 01111111616,1017.
1111111111, 5003. 011161511377 10.
1111ῃ11817,11110. 01111111013
Bisys opp. 153 18, 1108, 510 cnam· opp. 30 11.

16. ‘ coccinus 1111111111 episcopum

is 8111111111 semp 11111 111 11. 1, 801. Cp. pstrisrehs 101 “

8111111101.11,101111115,11011510
111111111507,3001.1653116.

1111111111 351 ll.² coslosyrls 11 16, 11010.

cuin 118 18. 111111118116111 1113.

0111111 361 10. concilium 11111111 111 7, 115 16,
01111111 101 1110 1.

6111111111 1111111111 Cp. 105 7, 011111111111111111181 131011.

131 16, Ι’110 11, 1575, 5107, 0111111111 77 17. ‘

5331. 80111111177110011.
cumanus 1161111533 18. 6111111 1111111111111 111 0.
61111111115053. ’ 01111111. 301,1513, 8116,
61 camelo proverbium 101 11. 1836.
csmisosopp.121. 01111111011.
11.01111111111111110,37 11, 53 cyclade· lus. 101, 1111, 853.

11,5510,1101,17110,177 cyclops 118 17. Cyclopes 1315.

11, 1055, 13611, 31116, 377 01611111. 1011.

11, 51516. 01111111111111111111111151311.
6111111111 1111111011.. cylonis« poc 111 10.
61111111111611. 0111111111718, 1835.

Cssp 1111 msto 100 15. cyrene urbs 166.
6111111111ορ 11113. 8. 0111011101 11, 10617, 108
01111111110,8117,8711,88 1,30111,36013,10311. ,

10,805,15117,17715,180 11011111116111131,1783,181

5,11116. ’ 10,1016,1076,10851111
611111111111116111111150315. 60513, 31010,31710,610
611111111111111111103, 5573. 11, 3561, 353 1 1111, 355
61111111 tussis 6387. 15, 3577, 36710, 113 13,136
6111116111 88 7, 0011,11711,11,15613.

5018. 01111111111111117,11010.
61116111 1810, 31 10, 3310,1111111116 13, 18310, 11611,

115 16, 183 10. 1181.

0111111611 1111111111 1810. 1111611111 opp. 117 18.
611111111118510, 118 11, 103 011111 1613.

15,11311. 0111111111111115501.

61111111. 517, 783. 1111111 1171, 3157, 331 11, 530
6112111111 8. §ophis {sugo 115 16,,52321ἒ1.6 mavum& 11111,
. τηρ 1

 

