summus·

61611616611111111 ”22126 ot 22.

δ (1111616611111 863 12.

6111111111 11117166 266 12. ·

6111111161111161111’2812.’161ρ11
111111111111111161“116 17.

3616111161161326 17.

6661611111”21712.

111 11118111 2766 nic 1111111 1161111·
7’11,111611111’111111116111 826
9,111Ψ1μ“111 ”3767.

111611111’111”8313, 13212.
1111161 11611 1662 16 ·
111 6111 328 22 6133, 6261,
6232, 7622, ’867237 8668,’
267 16, 21226, ’.”212

1111167’1,1 13318, 166 16, 321
6,,’62216 236 23, 282 22, 223
1816122816367, 16757,
”136, 1672, 621, 122 26,
2673, 616 12.

111616173812. .

1111111 61 113316.

11111611. 16111 121 16, 22621,

682 267 31 1111671161 pugneo:

171 1117111 7367· 61. 726 1111
1111161131 176111 23122, 22616,
2622, 267 22, 228 12, 6268,
662 17, 6681, 666 17, 6682,

677

11111116221111111,82711χ
”,1122 1216,12217’, 13610,

&mmmmm 121 8.

ἢ 1111111161 126 13.

111111ρῆ661 16 ζῆν 666128 16.

’ 111611161111166111616737 2.

111111117161111 668.

1166116361728 7.

1166161611116116116111 267 1.

1111111111 161 7761111161 1171111·
1111161111 222

11116116”131 13, 2327.

71181ἑὸ 1196111166 72822, 3611111161

1116161111162616,8626.11111-
1161116132718.

1161161111611 11171 11111611”182

167 ’17111616111111 1161131161 162
12, 227 11, 26221.

1111113116117111111 677 11,1111-
1611662 12,1ε ομ 1116166216,
1161161161 ¹94 2,” 276 11.

11111111111612122. ,

111 111111 1161231 26, 2322.

1111617161 316 12.

111 1111 1111116 11 6963611161· ”8 1.

678 12’ 61 16, 622 26, ’612 18, 1μφ11’6σόφως 362 12.

62126113

11111112311,11818, 11213
13618,1866,186’2,2262’.
111316111611111111 62312, 762
2. 6111171 1111171 2666, 222
6,86671.111111111171117’1226
3, 2222. ἵν’ 11616 222, 16
22, 181 12, 2262, 32312, 268
16, 827 16. 71’6171161’1711111
’2221211113611111 1111111122
12, 1826, 322 11, 76816.
11111161 δ’ ’1111111 6111161161
822, 8. 11111161 1111111 366
1361117 1111111 866 6. 117
6761 1111111 7282. 6161161111
188 12, 1222, 26822, 21613,
21626, 2273, 327 17, 2727.
66111161116111111111622. 6111-
11111111 1111111 6166, 62226.
11117161 d* 1111111 1632 16. 161
ε71111126612,23218,2636.
671 11111161 1111171 2263, 2222.
61. 1161111.

111 1611111111 1611111632 111 1·6
11111111 111611161’ 11111116 221.

Nummorum 761171.

φ”11111111Ὶ66 11.
17117116 62622, 621 22, 66121,

76316,”16Ι’12,172’12.

1171 1611 servovum 61111111 1111·
31111611 171111 877 7.

1111 911116 611161116161111111111672

1116111111 322 16, 2623.

1161 1111111711111111182.

11661811111111 222 2.

tmere 611161 171111 277 6.

166111 1111611116161222 6.

ens· 66111611 31111111 622 16.

1111116 116111111”623.

111 ’11611111 1361111111) 11111111 11166
2666”,871236122,1163,
1332, 2626, 263 Ι2,’271 11’

1111576117111111 11161111 1167 ’18,222·

συχν 11111661 1111767 21, 862

11111111111111111116176822.

emmanue«, 7128, 8162, 227 ’

17, 276 7, 1162 3
11113611116111111 6111111766 12.
1116161161 1111161 622 21.

1116161171111111 11111 1322.
37

 

