1161611616. , · 611
11111116, 1615, 11 16, 111 repro„ 6161161156 6

9. 6111166161 1111111161 16. 1166 111 71
111111181616161111.61111116111 11 11611111 118 18,

19. 0661111666166111111 199 18.
161111111118111, 11611,1111. 0111111111 116 16.
Λεσβία 6111166111 366 1. 01111611 cypri 116111 18 Ι6,
, 1611161111.11613,1111,691 016161161199 1,11111, 169

155116, 561 16, 5551. 11. 1511, 15111, 116 6.
11166111 18 9.· 0161111 opp. 16 11, 11 11.

111611 111. 01161 111 13.

urbi 1161111116 11611611 7. 0161111 13 19.

11616693. 1111661161 161 1111661611 118 16,
11, 661 1. 16. 1111661611193 131183, 178

1161116911. 11, 18711, 107 11, 116 10,

1116666111 99 6, 100 7. 111 9, 561 3.
1166111 11 13, 19117,19915. ’1111611111 11 11, 119 18.
8. 11111111 188 22. 11111111 181 9, 116 11, 619 19.

1116111611611. 111111916681, 111 11111316,

111111161111116111161111111311. 11111.

11161611613991111 13, 1139 16, 111111 1116116161 11611, 198 11,
161 1. 37813, 386 11 191 17, 1181,

1116611718. 131 1,116 19, 199 16.

111161 1111 619 16. 1111111116116111 613.

11111161 011116116161118 13. Peloponnesii 77 18, 119 1.

1111161 1611116611161119 8. Pelope 136 9.

lurcones (1111111713. 1611116111 16 7.

11116161 139 13,191 3. Perinthus 1. [16116161 78 11,191

, 111161111111639111. 11. ,

111111 1116161161 1161661 17. 16111681 7, 11113, 111 8.

1111161616111116111111 113 11.Χ 161111 1116116111 111 11, 136 16.

111111111163 7. Pharnabazus 99 18,

8. 1111161111 186 16,191 13, 193 1111116 19 11, 11119.
18, 3013, 311 13, 31618, 311 Pheraeorum tyrenum 161 1. ,
6671833811, 366 13, 381 Philippi opp. 661 19,
16, 36911, 3666, 36113, 161161111161661111 1. 0666111111.
396 11, 19810, 11619, 163 300251204 3, 606 1, 65911.
1, 161 11, 161 11, 111 13, 189 6111611 16 19, 119 18.
1919119. · Photinus 1113.

Hodiernum 193 13. 11161111 891 15,

1111161 3911, 11111111111186 11,

Mineruam 19 3.· ’ · 1111611111, 1816. 1111611161

1111161669316. 1101 399 1.

116116619111. Polyxene 161 8.

116161 183 15, 111 6, 111 9, 113 Ponti 617χῆ1 16 8 61 166 83 13,
8118811. 11711. 1111111116 19.

11111111 136 8. 1071119111 1801, 181 1.

lyei 199 8, 118 3,’103 11. 1166111 116 11, 181 6.

1711111111 613 11· 116666166111666 11,

1161161111 163 11. 1161616186 1,

1116161 698 19, 6991. Protagorae 376 6.

1666116111 01111611611 gener 11616111661.

’ 651 3. 116161161111611911111131 11.

816611111111111196 11, 1918. Pylade· 67 11.
111111 Ι. 13 11, 161 11. 1111111661 111.

 

